Separation distances computed on Edges
Number of connected components = 13
CC-1: 1 11 20 22 32 38 12 39 61 5 24 49 66 67 56 79 6 62 91 93 16 44 77 82 106 116 118 127 69 120 138 27 52 59 72 100 114 109 143 94 136 144 149 161 165 159 15 45 53 111 123 130 137 155 162 85 113 170 169 196 179 193 35 133 147 156 177 203 220 221 178 183 186 191 97 214 202 205 223 104 187 131 174 184 236 248 250 217 237 261 168 181 232 229 235 243 267 275 70 83 105 199 101 195 208 274 268 288 289 255 256 225 245 252 263 293 299 42 88 76 92 84 117 146 172 173 258 271 279 286 323 277 304 320 302 334 269 215 294 336 338 34 54 68 102 132 148 167 158 194 233 257 312 345 327 328 337 355 360 322 352 371 319 13 29 43 48 64 119 157 204 212 227 281 307 313 357 361 354 366 399 375 391 379 388 298 346 333 364 380 387 344 31 115 139 150 171 200 213 242 264 309 329 381 396 401 358 400 419 409 254 273 384 343 395 376 368 356 390 7 23 37 95 134 140 151 175 192 226 251 295 308 342 412 416 362 374 385 432 454 414 433 402 314 326 440 437 417 439 121 124 166 182 197 211 230 231 234 246 285 330 339 363 435 443 389 428 464 491 431 456 301 311 453 128 164 201 219 244 265 349 407 420 436 457 461 467 413 450 468 500 509 527 495 448 459 487 290 370 471 89 185 188 198 216 222 249 262 282 359 397 423 427 449 473 479 483 465 472 535 536 540 480 522 555 557 567 452 481 383 393 460 485 19 57 73 206 238 247 266 296 325 348 406 438 488 499 511 529 516 552 523 542 510 551 466 503 405 411 425 496 507 10 25 30 50 60 228 241 270 287 303 316 331 353 377 434 447 520 549 477 486 554 575 545 553 515 441 446 498 513 502 526 532 18 4 26 47 284 291 310 324 365 421 451 524 530 539 559 541 584 560 505 430 455 442 519 517 531 543 546 550 8 33 51 283 305 306 317 386 429 469 475 569 508 512 525 458 528 563 577 585 558 65 259 276 332 315 347 462 463 476 484 492 506 490 566 574 470 474 562 572 103 112 141 260 350 369 444 489 533 571 580 478 494 501 518 576 556 86 96 122 142 152 107 129 176 209 240 340 367 373 578 497 537 534 544 547 548 568 581 145 160 90 108 189 239 378 398 504 521 561 163 180 98 126 207 224 392 408 410 404 514 153 80 99 135 154 210 445 415 46 75 87 190 218 422 17 71 74 110 125 253 403 40 21 272 280 372 36 292 278 300 351 382 297 318 335 341 394 426 321 
CC-2: 2 
CC-3: 3 14 28 41 55 63 81 78 58 9 
CC-4: 418 
CC-5: 424 
CC-6: 482 493 
CC-7: 538 
CC-8: 564 
CC-9: 565 
CC-10: 570 
CC-11: 573 583 
CC-12: 579 
CC-13: 582 
